#include <iostream>
#define clear system("cls");
#include <windows.h>
using namespace std;

int main() {
	setlocale(0, "");
	int select;
	cout << "\t\tЛабирин\n";
	cout << "\tВыберите размер лабиринта !\n";
	cout << "\t[1] -> 15х15\n";
	cout << "\t[2] -> 20х20\n";
	cout << "\t[3] -> 30х30\n";
	cout << "\t[4] -> Для выхода из лабиринта..\n";
	cout << "\tВаш выбор -> ";

	cin >> select;


	if (select == 1) {
		clear;
		int const sizeone = 15;
		int const sizetwo = 15;
		int arr[sizeone][sizetwo] = { {1,4,4,1,1,1,1,1,1,1,1,1,1,1},
		 {1,0,0,1,1,1,1,1,1,1,1,1,1,1},
		 {1,0,0,0,0,0,0,0,0,0,0,1,1,1},
		 {1,0,0,0,0,0,0,0,0,0,0,1,1,1},
		 {1,0,0,1,1,1,1,1,1,0,0,1,1,1},
		 {1,0,0,0,0,0,0,1,1,0,0,1,1,1},
		 {1,0,0,0,0,0,0,1,1,0,0,1,1,1},
		 {1,0,0,1,1,1,1,1,1,0,0,0,0,3},
		 {1,0,0,1,1,1,1,1,1,0,0,0,0,3},
		 {1,0,0,1,1,0,0,1,1,1,1,0,1,1},
		 {1,0,0,1,1,0,0,1,1,1,1,0,1,1},
		 {1,0,0,1,1,0,0,1,1,2,1,0,1,1},
		 {1,0,0,0,0,0,0,1,1,0,1,0,1,1},
		 {1,0,0,0,0,0,0,1,1,0,0,0,1,1},
		 {1,1,1,1,1,1,1,1,1,1,1,1,1,1} };
		cout << "\n";
		for (int i = 0; i < sizeone; i++) {
			for (int j = 0; j < sizetwo; j++) {
				if (arr[i][j] == 1) {
					cout << "# ";
				}
				else if (arr[i][j] == 2) {
					cout << "* ";
				}
				else if (arr[i][j] == 3) {
					cout << "| ";
				}
				else if (arr[i][j] == 4) {
					cout << "- ";
				}
				else {
					cout << "  ";
				};

			}
			cout << "\n";
		};
	}
	else if (select == 2) {
		clear;
		int const sizeone = 20;
		int const sizetwo = 20;
		int arr[sizeone][sizetwo] = {
		 {1,4,4,1,1,1,1,1,1,1,1,1,1,1,1,1,1,1,1},
		 {1,0,0,1,1,1,1,1,1,1,1,1,1,1,1,1,1,1,1},
		 {1,0,0,0,0,0,0,0,0,0,0,1,1,0,0,0,0,1,1},
		 {1,0,0,0,0,0,0,0,0,0,0,1,1,0,0,0,0,0,1},
		 {1,0,0,1,1,1,1,1,1,0,0,1,1,0,0,1,1,0,1},
		 {1,0,0,0,0,0,0,1,1,0,0,1,1,0,0,1,1,0,1},
		 {1,0,0,0,0,0,0,1,1,0,0,1,1,0,0,1,1,0,1},
		 {1,0,0,1,1,1,1,1,1,0,0,0,0,0,0,0,1,2,1},
		 {1,0,0,1,1,1,1,1,1,0,0,0,0,0,0,0,1,1,1},
		 {1,0,0,1,1,0,0,1,1,1,1,0,1,1,0,0,1,1,1},
		 {1,0,0,1,1,0,0,1,1,1,1,0,1,1,0,0,1,1,1},
		 {1,0,0,1,1,0,0,1,1,2,1,0,1,1,0,0,1,1,1},
		 {1,0,0,0,0,0,0,1,1,0,1,0,1,1,0,0,0,0,3},
		 {1,0,0,0,0,0,0,1,1,0,0,0,1,1,0,0,0,0,3},
		 {1,1,1,1,1,0,0,1,1,1,1,1,1,1,0,0,1,1,1},
		 {1,1,1,1,1,0,0,1,1,1,1,1,1,1,0,0,1,1,1},
		 {1,1,0,0,0,0,0,1,1,0,0,0,0,0,0,0,1,1,1},
		 {1,1,0,0,0,0,0,1,1,0,0,0,0,0,0,0,1,1,1},
		 {1,1,0,0,1,1,1,1,1,0,0,1,1,1,1,1,1,1,1},
		 {1,1,1,1,1,1,1,1,1,4,4,1,1,1,1,1,1,1,1} };
		cout << "\n";
		for (int i = 0; i < sizeone; i++) {
			for (int j = 0; j < sizetwo; j++) {
				if (arr[i][j] == 1) {
					cout << "# ";
				}
				else if (arr[i][j] == 2) {
					cout << "* ";
				}
				else if (arr[i][j] == 3) {
					cout << "| ";
				}
				else if (arr[i][j] == 4) {
					cout << "- ";
				}
				else {
					cout << "  ";
				};

			}
			cout << "\n";
		};
	}
	else if (select == 3) {
		clear;
		int const sizeone = 30;
		int const sizetwo = 30;
		int arr[sizeone][sizetwo] = {
		 {1,4,4,1,1,1,1,1,1,1,1,1,1,1,1,1,1,1,1,1,1,1,1,1,1,1,1,1,1,1,},
		 {1,0,0,1,1,1,1,1,1,1,1,1,1,1,1,1,1,1,1,1,1,1,1,1,0,0,0,0,1,1,},
		 {1,0,0,0,0,0,0,0,0,0,0,1,1,0,0,0,0,1,1,1,1,1,1,1,0,0,0,0,1,1,},
		 {1,0,0,0,0,0,0,0,0,0,0,1,1,0,0,0,0,0,1,1,1,1,1,1,0,0,1,1,1,1,},
		 {1,0,0,1,1,1,1,1,1,0,0,1,1,0,0,1,1,0,1,1,1,1,1,1,0,0,1,1,1,1,},
		 {1,0,0,0,0,0,0,1,1,0,0,1,1,0,0,1,1,0,1,1,1,1,0,0,0,0,0,0,1,1,},
		 {1,0,0,0,0,0,0,1,1,0,0,1,1,0,0,1,1,0,1,1,1,1,0,0,0,0,0,0,1,1,},
		 {1,0,0,1,1,1,1,1,1,0,0,0,0,0,0,0,1,2,1,1,1,1,0,0,1,1,0,0,1,1,},
		 {1,0,0,1,1,1,1,1,1,0,0,0,0,0,0,0,1,1,1,1,0,0,0,0,1,1,0,0,1,1,},
		 {1,0,0,1,1,0,0,1,1,1,1,0,1,1,0,0,1,1,1,1,0,0,0,0,1,1,0,0,1,1,},
		 {1,0,0,1,1,0,0,1,1,1,1,0,1,1,0,0,1,1,1,1,1,1,1,1,1,1,0,0,1,1,},
		 {1,0,0,1,1,0,0,1,1,2,1,0,1,1,0,0,1,1,1,1,1,1,1,1,1,1,0,0,1,1,},
		 {1,0,0,0,0,0,0,1,1,0,1,0,1,1,0,0,0,0,0,0,0,0,0,0,0,0,0,0,1,1,},
		 {1,0,0,0,0,0,0,1,1,0,0,0,1,1,0,0,0,0,0,0,0,0,0,0,0,0,0,0,1,1,},
		 {1,1,1,1,1,1,1,1,1,1,1,1,1,1,1,1,1,1,1,1,1,1,1,1,1,1,0,0,1,1,},
		 {1,1,1,1,1,1,1,1,1,1,1,1,1,1,1,1,1,1,1,1,1,1,1,1,1,1,0,0,1,1,},
		 {2,0,0,0,0,0,0,1,1,1,1,1,1,1,1,1,1,1,1,1,0,0,0,0,1,1,0,0,1,1,},
		 {2,0,0,0,0,0,0,1,1,1,0,0,0,0,1,1,1,1,0,0,0,0,0,0,0,0,0,0,1,1,},
		 {1,1,1,1,1,1,0,0,1,1,0,0,0,0,1,1,1,1,0,0,0,0,0,0,0,0,0,0,1,1,},
		 {1,1,1,1,1,1,1,0,0,0,0,1,0,0,1,1,1,2,1,1,0,0,0,0,1,1,0,0,1,1,},
		 {1,1,1,1,1,1,1,1,0,0,1,1,0,0,0,0,0,0,2,1,1,0,0,1,1,1,0,0,1,1,},
		 {1,1,1,1,1,1,1,1,0,0,1,1,1,1,1,1,1,2,1,1,1,0,0,1,1,1,1,1,1,1,},
		 {1,1,1,1,1,1,1,1,0,0,1,1,1,1,1,1,1,1,1,1,1,0,0,1,1,1,1,1,1,1,},
		 {1,1,1,1,1,1,1,1,1,0,0,0,0,0,0,0,0,0,0,0,0,0,0,0,0,0,0,0,0,1,},
		 {1,1,1,1,1,1,1,1,1,0,0,0,0,0,0,0,0,0,0,0,0,0,0,0,0,0,0,0,0,1,},
		 {1,1,1,1,1,1,1,1,0,0,1,1,1,1,1,1,1,1,1,1,1,0,0,1,1,1,1,1,1,1,},
		 {0,0,0,0,0,0,0,0,0,0,1,1,1,1,1,1,1,1,1,1,1,0,0,1,1,1,1,1,1,1,},
		 {0,0,0,0,0,0,0,0,0,0,1,0,0,0,0,0,0,0,0,0,0,0,0,0,0,0,0,0,0,3,},
		 {1,1,1,1,1,1,1,1,0,0,1,0,0,0,0,0,0,0,0,0,0,0,0,0,0,0,0,0,0,3,},
		 {1,1,1,1,1,1,1,1,4,4,1,1,1,1,1,1,1,1,1,1,1,1,1,1,1,1,1,1,1,1,} };
		cout << "\n";
		for (int i = 0; i < sizeone; i++) {
			for (int j = 0; j < sizetwo; j++) {
				if (arr[i][j] == 1) {
					cout << "# ";
				}
				else if (arr[i][j] == 2) {
					cout << "* ";
				}
				else if (arr[i][j] == 3) {
					cout << "| ";
				}
				else if (arr[i][j] == 4) {
					cout << "- ";
				}
				else {
					cout << "  ";
				};

			}
			cout << "\n";
		};
	}
	else if (select == 4) {
		clear;  main();
	}
	else {
		clear; main();
	}
	return 0;
}
